2
-0.358360 -0.060510 0.931620 -0.933580 0.027010 -0.357360 -0.003540 -0.997800 -0.066170
-0.357900 -0.064960 0.931500 -0.933750 0.028910 -0.356750 -0.003750 -0.997470 -0.071000
-0.370610 -0.068230 0.926280 -0.928790 0.029050 -0.369470 -0.001700 -0.997250 -0.074130
-0.396770 -0.067810 0.915410 -0.917920 0.031190 -0.395540 -0.001730 -0.997210 -0.074620
-0.432850 -0.066960 0.898980 -0.901470 0.031670 -0.431690 0.000430 -0.997250 -0.074070
-0.480010 -0.069580 0.874500 -0.877260 0.042030 -0.478180 -0.003480 -0.996690 -0.081220
-0.528440 -0.067660 0.846270 -0.848970 0.042750 -0.526700 -0.000540 -0.996790 -0.080040
-0.574310 -0.071910 0.815470 -0.818610 0.043040 -0.572730 0.006080 -0.996480 -0.083580
-0.608030 -0.066750 0.791100 -0.793900 0.045690 -0.606330 0.004330 -0.996720 -0.080770
-0.652190 -0.073340 0.754500 -0.758000 0.051850 -0.650190 0.008560 -0.995960 -0.089410
-0.695720 -0.071440 0.714750 -0.718200 0.051840 -0.693900 0.012520 -0.996100 -0.087380
-0.735070 -0.066190 0.674750 -0.677910 0.056510 -0.732970 0.010380 -0.996210 -0.086410
-0.770260 -0.065120 0.634390 -0.637590 0.058250 -0.768170 0.013070 -0.996180 -0.086390
-0.807410 -0.065940 0.586290 -0.589760 0.062910 -0.805120 0.016210 -0.995840 -0.089680
-0.835110 -0.053400 0.547490 -0.550000 0.063070 -0.832780 0.009940 -0.996580 -0.082040
-0.862560 -0.046880 0.503780 -0.505900 0.065900 -0.860070 0.007120 -0.996720 -0.080560
-0.884920 -0.042220 0.463820 -0.465670 0.062940 -0.882720 0.008080 -0.997120 -0.075360
-0.911300 -0.039780 0.409820 -0.411620 0.063430 -0.909150 0.010170 -0.997190 -0.074180
-0.934910 -0.032360 0.353410 -0.354850 0.070210 -0.932280 0.005360 -0.997010 -0.077130
-0.953090 -0.037470 0.300350 -0.302280 0.067140 -0.950850 0.015460 -0.997040 -0.075320
-0.967360 -0.036860 0.250730 -0.252810 0.071640 -0.964860 0.017610 -0.996750 -0.078620
-0.974080 -0.033720 0.223670 -0.225640 0.075940 -0.971250 0.015760 -0.996540 -0.081580
-0.980420 -0.032980 0.194120 -0.196160 0.078380 -0.977430 0.017020 -0.996380 -0.083320
-0.986650 -0.034790 0.159070 -0.161140 0.068080 -0.984580 0.023420 -0.997070 -0.072780
-0.993990 -0.030330 0.105220 -0.106910 0.060660 -0.992420 0.023720 -0.997700 -0.063540
-0.999290 -0.033560 0.017020 -0.019040 0.060900 -0.997960 0.032460 -0.997580 -0.061490
-0.998280 -0.013890 -0.056880 0.055890 0.063600 -0.996410 0.017460 -0.997880 -0.062710
-0.990470 -0.017090 -0.136660 0.135050 0.074120 -0.988060 0.027010 -0.997100 -0.071100
-0.980890 -0.011810 -0.194180 0.192800 0.074280 -0.978420 0.025980 -0.997170 -0.070590
-0.968120 -0.005090 -0.250430 0.249330 0.076010 -0.965430 0.023950 -0.997090 -0.072310
-0.949740 -0.004940 -0.312990 0.311800 0.073790 -0.947280 0.027780 -0.997260 -0.068540
-0.920920 0.012850 -0.389540 0.389350 0.075980 -0.917950 0.017810 -0.997030 -0.074970
-0.892360 0.023800 -0.450700 0.451040 0.082200 -0.888710 0.015900 -0.996330 -0.084090
-0.870820 0.032840 -0.490500 0.491530 0.074350 -0.867680 0.007970 -0.996690 -0.080890
-0.839860 0.035260 -0.541650 0.542700 0.074160 -0.836650 0.010670 -0.996620 -0.081420
-0.804620 0.046670 -0.591960 0.593790 0.060220 -0.802360 -0.001800 -0.997090 -0.076170
-0.767650 0.048200 -0.639060 0.640870 0.061140 -0.765210 0.002190 -0.996960 -0.077820
-0.720040 0.048740 -0.692220 0.693880 0.062310 -0.717390 0.008160 -0.996870 -0.078690
-0.673570 0.046710 -0.737640 0.739110 0.038550 -0.672480 -0.002980 -0.998160 -0.060500
-0.614370 0.048130 -0.787550 0.789000 0.031390 -0.613590 -0.004810 -0.998350 -0.057260
-0.556170 0.053900 -0.829320 0.831060 0.031310 -0.555300 -0.003970 -0.998060 -0.062210
-0.494920 0.051970 -0.867390 0.868920 0.035840 -0.493650 0.005440 -0.998010 -0.062890
-0.424410 0.055080 -0.903790 0.905410 0.037500 -0.422880 0.010600 -0.997780 -0.065790
-0.354560 0.058560 -0.933200 0.934940 0.036160 -0.352950 0.013080 -0.997630 -0.067580
-0.278510 0.062290 -0.958410 0.960370 0.029030 -0.277200 0.010560 -0.997640 -0.067910
-0.202910 0.063040 -0.977170 0.979080 0.028320 -0.201480 0.014970 -0.997610 -0.067470
-0.128730 0.066790 -0.989430 0.991680 0.009420 -0.128390 0.000750 -0.997720 -0.067450
-0.064170 0.065890 -0.995760 0.997940 0.005640 -0.063940 0.001400 -0.997810 -0.066120
-0.014980 0.078590 -0.996790 0.999800 0.014210 -0.013900 0.013070 -0.996810 -0.078780
0.041980 0.083410 -0.995630 0.998940 0.015260 0.043400 0.018820 -0.996400 -0.082680
0.107830 0.080510 -0.990900 0.993840 0.016880 0.109530 0.025550 -0.996610 -0.078190
0.171230 0.090680 -0.981050 0.984920 0.009340 0.172770 0.024840 -0.995840 -0.087710
0.243940 0.089010 -0.965700 0.969630 -0.004380 0.244530 0.017540 -0.996020 -0.087380
0.300250 0.088980 -0.949700 0.953700 -0.009550 0.300620 0.017680 -0.995990 -0.087730
0.367040 0.086630 -0.926160 0.929920 -0.009320 0.367650 0.023210 -0.996200 -0.083980
0.430070 0.090640 -0.898240 0.902460 -0.016090 0.430470 0.024570 -0.995750 -0.088720
0.503260 0.085540 -0.859890 0.863820 -0.023020 0.503270 0.023260 -0.996070 -0.085480
0.580170 0.082120 -0.810340 0.814280 -0.035730 0.579370 0.018620 -0.995980 -0.087590
0.668370 0.069600 -0.740570 0.743790 -0.052400 0.666350 0.007570 -0.996200 -0.086790
0.732990 0.061470 -0.677460 0.680220 -0.058020 0.730710 0.005610 -0.996420 -0.084340
0.790620 0.052560 -0.610040 0.612290 -0.062460 0.788160 0.003330 -0.996660 -0.081560
0.832780 0.046540 -0.551650 0.553590 -0.062710 0.830420 0.004050 -0.996950 -0.077990
0.865810 0.040600 -0.498730 0.500380 -0.067380 0.863180 0.001440 -0.996900 -0.078650
0.897220 0.038120 -0.439940 0.441550 -0.064080 0.894940 0.005930 -0.997220 -0.074330
0.931860 0.028720 -0.361670 0.362810 -0.068740 0.929330 0.001830 -0.997220 -0.074480
0.962780 0.013590 -0.269940 0.270210 -0.070700 0.960200 -0.006030 -0.997410 -0.071740
0.986590 0.006450 -0.163100 0.163200 -0.057720 0.984900 -0.003060 -0.998310 -0.058000
0.998260 0.008080 -0.058450 0.058830 -0.058300 0.996560 0.004640 -0.998270 -0.058670
0.998950 0.004600 0.045680 -0.045330 -0.058960 0.997230 0.007280 -0.998250 -0.058690
0.987740 -0.001260 0.156110 -0.155890 -0.061170 0.985880 0.008310 -0.998130 -0.060610
0.964080 -0.004780 0.265550 -0.265360 -0.059580 0.962310 0.011220 -0.998210 -0.058710
0.929120 -0.017950 0.369350 -0.369750 -0.059090 0.927250 0.005180 -0.998090 -0.061540
0.888200 -0.030410 0.458450 -0.459450 -0.062810 0.885980 0.001850 -0.997560 -0.069760
0.844240 -0.025070 0.535380 -0.535930 -0.050800 0.842730 0.006070 -0.998390 -0.056320
0.803790 -0.033820 0.593950 -0.594900 -0.050200 0.802230 0.002680 -0.998170 -0.060470
0.754080 -0.033940 0.655900 -0.656740 -0.050320 0.752440 0.007470 -0.998160 -0.060240
0.705690 -0.035900 0.707610 -0.708480 -0.046620 0.704190 0.007710 -0.998270 -0.058340
0.636840 -0.050680 0.769330 -0.771000 -0.041600 0.635480 -0.000210 -0.997850 -0.065570
0.556810 -0.060460 0.828430 -0.830640 -0.042160 0.555220 0.001360 -0.997280 -0.073690
0.462070 -0.070740 0.884020 -0.886840 -0.033260 0.460880 -0.003200 -0.996940 -0.078100
0.359470 -0.073610 0.930250 -0.933140 -0.034320 0.357870 0.005580 -0.996700 -0.081030
0.264950 -0.078090 0.961100 -0.964220 -0.030630 0.263320 0.008880 -0.996480 -0.083410
0.164580 -0.084580 0.982730 -0.986340 -0.020930 0.163380 0.006750 -0.996200 -0.086870
0.069630 -0.087490 0.993730 -0.997540 -0.014660 0.068610 0.008560 -0.996060 -0.088290
-0.033120 -0.082300 0.996060 -0.999370 -0.009610 -0.034020 0.012370 -0.996560 -0.081930
-0.142080 -0.093220 0.985460 -0.989770 0.000370 -0.142670 0.012930 -0.995650 -0.092310
-0.210020 -0.100110 0.972560 -0.977660 0.012830 -0.209800 0.008520 -0.994890 -0.100560
-0.273420 -0.107020 0.955920 -0.961850 0.020760 -0.272790 0.009350 -0.994040 -0.108620
-0.325830 -0.095500 0.940590 -0.945420 0.035450 -0.323910 -0.002410 -0.994800 -0.101840
-0.385150 -0.077180 0.919620 -0.922750 0.046860 -0.382530 -0.013570 -0.995920 -0.089260
-0.453650 -0.076840 0.887860 -0.891110 0.051640 -0.450840 -0.011210 -0.995710 -0.091900
-0.549520 -0.075800 0.832030 -0.835470 0.053820 -0.546890 -0.003330 -0.995670 -0.092900
-0.617060 -0.067610 0.784010 -0.786860 0.065280 -0.613670 -0.009690 -0.995570 -0.093480
